R0 = 0, 1e4, 0
U0 = 0, 7.071598201620959e-07
Ntau = 1e6
tauf = 88850994.18882918
rmax = 2e4