R0 = 0, 3, 0
U0 = 0, 0.19245008972987523
Ntau = 1e6
tauf = 32648.38855621592
rmax = 4